        1       2       3       4       5       6       7       8       9      10      11      12      13      14      15      16 
1    0.00    5.00   11.00    7.00    9.00   12.00   16.00   23.00   32.00   34.00   28.00   15.00   16.00   26.00   20.00   30.00 
2    5.00    0.00    8.00   12.00   14.00   16.00   17.00   20.00   29.00   31.00   25.00   12.00   13.00   23.00   17.00   27.00 
3   11.00    8.00    0.00    4.00    6.00    8.00    9.00   12.00   21.00   23.00   17.00    4.00    5.00   15.00    9.00   19.00 
4    7.00   12.00    4.00    0.00    2.00    5.00    9.00   16.00   25.00   27.00   21.00    8.00    9.00   19.00   13.00   23.00 
5    9.00   14.00    6.00    2.00    0.00    3.00    8.00   16.00   25.00   27.00   21.00   10.00   11.00   19.00   15.00   23.00 
6   12.00   16.00    8.00    5.00    3.00    0.00    5.00   13.00   22.00   24.00   18.00   10.00    9.00   16.00   17.00   20.00 
7   16.00   17.00    9.00    9.00    8.00    5.00    0.00    8.00   17.00   19.00   13.00    5.00    4.00   11.00   16.00   15.00 
8   23.00   20.00   12.00   16.00   16.00   13.00    8.00    0.00    9.00   11.00    5.00    8.00    7.00    3.00   16.00    7.00 
9   32.00   29.00   21.00   25.00   25.00   22.00   17.00    9.00    0.00   11.00   14.00   17.00   16.00   12.00   25.00    8.00 
10   34.00   31.00   23.00   27.00   27.00   24.00   19.00   11.00   11.00    0.00    6.00   19.00   18.00   10.00   23.00   10.00 
11   28.00   25.00   17.00   21.00   21.00   18.00   13.00    5.00   14.00    6.00    0.00   13.00   12.00    4.00   17.00   12.00 
12   15.00   12.00    4.00    8.00   10.00   10.00    5.00    8.00   17.00   19.00   13.00    0.00    1.00   11.00   13.00   15.00 
13   16.00   13.00    5.00    9.00   11.00    9.00    4.00    7.00   16.00   18.00   12.00    1.00    0.00   10.00   12.00   14.00 
14   26.00   23.00   15.00   19.00   19.00   16.00   11.00    3.00   12.00   10.00    4.00   11.00   10.00    0.00   13.00   10.00 
15   20.00   17.00    9.00   13.00   15.00   17.00   16.00   16.00   25.00   23.00   17.00   13.00   12.00   13.00    0.00   23.00 
16   30.00   27.00   19.00   23.00   23.00   20.00   15.00    7.00    8.00   10.00   12.00   15.00   14.00   10.00   23.00    0.00 





        8      14      12       2       4       5       7      11      13       3      15       6       1       9      16 
8    0.00    3.00    8.00   20.00   16.00   16.00    8.00    5.00    7.00   12.00   16.00   13.00   23.00    9.00    7.00 
14    3.00    0.00   11.00   23.00   19.00   19.00   11.00    4.00   10.00   15.00   13.00   16.00   26.00   12.00   10.00 
12    8.00   11.00    0.00   12.00    8.00   10.00    5.00   13.00    1.00    4.00   13.00   10.00   15.00   17.00   15.00 
2   20.00   23.00   12.00    0.00   12.00   14.00   17.00   25.00   13.00    8.00   17.00   16.00    5.00   29.00   27.00 
4   16.00   19.00    8.00   12.00    0.00    2.00    9.00   21.00    9.00    4.00   13.00    5.00    7.00   25.00   23.00 
5   16.00   19.00   10.00   14.00    2.00    0.00    8.00   21.00   11.00    6.00   15.00    3.00    9.00   25.00   23.00 
7    8.00   11.00    5.00   17.00    9.00    8.00    0.00   13.00    4.00    9.00   16.00    5.00   16.00   17.00   15.00 
11    5.00    4.00   13.00   25.00   21.00   21.00   13.00    0.00   12.00   17.00   17.00   18.00   28.00   14.00   12.00 
13    7.00   10.00    1.00   13.00    9.00   11.00    4.00   12.00    0.00    5.00   12.00    9.00   16.00   16.00   14.00 
3   12.00   15.00    4.00    8.00    4.00    6.00    9.00   17.00    5.00    0.00    9.00    8.00   11.00   21.00   19.00 
15   16.00   13.00   13.00   17.00   13.00   15.00   16.00   17.00   12.00    9.00    0.00   17.00   20.00   25.00   23.00 
6   13.00   16.00   10.00   16.00    5.00    3.00    5.00   18.00    9.00    8.00   17.00    0.00   12.00   22.00   20.00 
1   23.00   26.00   15.00    5.00    7.00    9.00   16.00   28.00   16.00   11.00   20.00   12.00    0.00   32.00   30.00 
9    9.00   12.00   17.00   29.00   25.00   25.00   17.00   14.00   16.00   21.00   25.00   22.00   32.00    0.00    8.00 
16    7.00   10.00   15.00   27.00   23.00   23.00   15.00   12.00   14.00   19.00   23.00   20.00   30.00    8.00    0.00 

